288 356 21
295 356 25
344 381 31

295 318 21
402 319 44
337 354 44

295 318 21
327 292 4
402 319 44

322 293 2
286 352 19
326 299 0

326 300 0
326 299 0
286 352 19
286 355 19

392 372 35
398 366 42
418 349 38

374 384 35
344 381 31
361 366 44

339 359 44
361 366 44
344 381 31

339 359 44
344 381 31
295 356 25

286 350 21
286 351 21
286 355 19
286 352 19

286 350 21
286 352 19
292 321 19

289 344 29
337 354 44
339 359 44

289 344 29
339 359 44
295 356 25

289 344 29
295 356 25
288 356 21

289 344 29
288 356 21
286 355 19

289 344 29
286 355 19
286 351 21

289 344 29
286 351 21
286 350 21

289 344 29
286 350 21
292 321 19

289 344 29
292 321 19
295 318 21

289 344 29
295 318 21
337 354 44

295 320 17
286 352 19
322 293 2

295 320 17
322 293 2
292 321 19

295 320 17
292 321 19
286 352 19

293 320 19
295 318 21
292 321 19

353 383 5
286 355 19
358 394 21

353 383 5
355 383 4
286 355 19

354 382 4
355 383 4
326 300 0

354 382 4
326 300 0
286 355 19

354 382 4
286 355 19
355 383 4

361 394 21
418 349 38
362 386 9

361 394 21
361 395 23
392 372 35

361 394 21
392 372 35
418 349 38

416 350 44
420 341 40
418 349 38

416 350 44
418 349 38
398 366 42

416 350 44
398 366 42
404 355 44

416 350 44
420 337 42
420 341 40

362 366 44
404 355 44
398 366 42

384 378 38
392 372 35
361 395 23

384 378 38
361 395 23
374 384 35

384 378 38
374 384 35
361 366 44
362 366 44

384 378 38
362 366 44
398 366 42

384 378 38
398 366 42
392 372 35

357 393 25
344 381 31
374 384 35

412 322 35
339 295 2
398 319 17

419 343 38
418 349 38
420 341 40

418 339 35
417 338 33
418 349 38

418 339 35
418 349 38
419 343 38

418 339 35
419 343 38
420 341 40

416 327 31
419 331 42
415 323 42

416 327 31
415 323 42
412 322 35

416 327 31
412 322 35
398 319 17

414 322 44
415 323 42
419 331 42

360 395 23
357 393 25
374 384 35

360 395 23
374 384 35
361 395 23

360 395 23
361 395 23
361 394 21
358 394 21

342 297 0
339 295 2
334 293 2

342 297 0
334 293 2
334 294 0

342 297 0
334 294 0
333 294 0
326 299 0
326 300 0
329 300 0
342 298 0

342 297 0
398 319 17
339 295 2

355 384 5
353 383 5
358 394 21

355 384 5
355 383 4
353 383 5

418 336 35
420 338 40
416 327 31

418 336 35
418 339 35
420 341 40
420 338 40

409 319 44
402 319 44
327 292 4

409 319 44
327 292 4
334 293 2

409 319 44
334 293 2
339 295 2

409 319 44
339 295 2
412 322 35

420 335 42
420 337 42
416 350 44
416 349 44

420 335 42
416 349 44
414 322 44

420 335 42
414 322 44
419 331 42

420 335 42
419 331 42
416 327 31

420 335 42
416 327 31
420 338 40

420 335 42
420 338 40
420 341 40
420 337 42

354 392 25
288 356 21
344 381 31

354 392 25
344 381 31
357 393 25

354 392 25
357 393 25
360 395 23

354 392 25
360 395 23
358 394 21

354 392 25
358 394 21
286 355 19

354 392 25
286 355 19
288 356 21

326 292 2
334 293 2
327 292 4

326 292 2
334 294 0
334 293 2

323 292 2
295 318 21
293 320 19

323 292 2
293 320 19
292 321 19
322 293 2

323 292 2
322 293 2
326 299 0

323 292 2
326 299 0
333 294 0

323 292 2
333 294 0
334 294 0
326 292 2

323 292 2
326 292 2
327 292 4

323 292 2
327 292 4
295 318 21

360 384 5
355 384 5
358 394 21
361 394 21

360 384 5
361 394 21
362 386 9

413 321 44
414 322 44
416 349 44
416 350 44
404 355 44
362 366 44
361 366 44
339 359 44
337 354 44
402 319 44
409 319 44

413 321 44
409 319 44
412 322 35

413 321 44
412 322 35
415 323 42

413 321 44
415 323 42
414 322 44

361 383 5
360 384 5
362 386 9

361 383 5
362 386 9
418 349 38

361 383 5
418 349 38
372 376 11

356 383 4
355 383 4
355 384 5
360 384 5

356 383 4
342 298 0
329 300 0

356 383 4
329 300 0
326 300 0
355 383 4

416 328 31
417 338 33
418 339 35
418 336 35
416 327 31

359 380 4
356 383 4
360 384 5
361 383 5

359 380 4
342 298 0
356 383 4

409 336 21
418 349 38
417 338 33

409 336 21
417 338 33
416 328 31

409 335 21
409 336 21
416 328 31
416 327 31

372 373 9
418 349 38
409 336 21

372 373 9
361 383 5
372 376 11

372 373 9
372 376 11
418 349 38

370 367 4
390 328 11
342 297 0

389 324 11
398 319 17
342 297 0

389 324 11
342 297 0
390 328 11

403 329 17
416 327 31
398 319 17

403 329 17
398 319 17
389 324 11

403 329 17
389 324 11
390 328 11

403 329 17
390 328 11
390 329 11
403 331 17

403 329 17
403 331 17
409 336 21
409 335 21

403 329 17
409 335 21
416 327 31

370 368 4
359 380 4
361 383 5

370 368 4
361 383 5
372 373 9

370 368 4
372 373 9
409 336 21

370 368 4
409 336 21
403 331 17

370 368 4
403 331 17
390 329 11

370 368 4
390 329 11
390 328 11
370 367 4

370 368 4
370 367 4
342 297 0
342 298 0

370 368 4
342 298 0
359 380 4

