333 294 0
334 294 0
342 297 0
342 298 0
326 299 0
326 300 0
329 300 0
323 292 2
326 292 2
322 293 2
334 293 2
339 295 2
327 292 4
370 367 4
370 368 4
359 380 4
354 382 4
355 383 4
356 383 4
353 383 5
361 383 5
355 384 5
360 384 5
372 373 9
362 386 9
389 324 11
390 328 11
390 329 11
372 376 11
398 319 17
295 320 17
403 329 17
403 331 17
293 320 19
292 321 19
286 352 19
286 355 19
295 318 21
409 335 21
409 336 21
286 350 21
286 351 21
288 356 21
358 394 21
361 394 21
360 395 23
361 395 23
295 356 25
354 392 25
357 393 25
289 344 29
416 327 31
416 328 31
344 381 31
417 338 33
412 322 35
418 336 35
418 339 35
392 372 35
374 384 35
419 343 38
418 349 38
384 378 38
420 338 40
420 341 40
415 323 42
419 331 42
420 335 42
420 337 42
398 366 42
402 319 44
409 319 44
413 321 44
414 322 44
416 349 44
416 350 44
337 354 44
404 355 44
339 359 44
361 366 44
362 366 44
